-6100
290
6060
140
-2400
2990
6050
-4610
-4530
980
1860
-6640
7040
7260
-5760
2400
-5260
-5960
5180
-4370
-8150
4550
5520
-5720
1610
-270
-3980
-2840
5920
-690
-1820
1020
-2520
5990
6410
-1760
-2110
-4480
-840
2050
5130
4880
-6480
1530
790
-1850
3670
7750
-620
500
290
-5310
-5310
-7740
-2050
-8060
-1520
6600
5520
-6150
830
-3450
-7460
-2250
-7710
5080
1950
-7350
-6920
-3910
-6750
7980
-6780
-4650
-1430
3780
320
330
5050
-1850
-3110
3820
-7730
-7320
700
-7530
-2200
6170
-3420
4270
7070
-3620
-2950
-2120
-4120
2030
590
-1370
4770
7340
